1,1.335858,0.187353,-0.285900,-0.014645,0.320095,0.275367,-0.425856,-0.219529,0.272481,0.015655,0.004112,0.695235,-0.534069,-0.323414,-0.088230,0.208996,-0.503769,-0.405656,-0.422970,-0.091116
2,0.187353,0.972261,-0.251272,-0.153158,-0.020416,-0.007431,-0.304657,0.247953,0.422537,0.338852,-0.018973,0.239296,-0.297443,-0.288785,-0.226743,-0.160372,-0.122858,-0.255600,-0.157487,-0.143058
3,-0.285900,-0.251272,0.978033,-0.164701,-0.320528,-0.192115,0.174368,0.005555,-0.339285,-0.249829,0.373481,-0.349385,0.441294,0.103668,-0.094001,-0.200772,0.183025,0.309995,-0.024745,-0.096887
4,-0.014645,-0.153158,-0.164701,0.972261,-0.222415,-0.007431,0.330195,-0.040616,-0.212315,0.338852,-0.336399,-0.078130,-0.095444,0.115211,-0.169029,-0.131515,-0.065144,-0.226743,0.304224,-0.143058
5,0.320095,-0.020416,-0.320528,-0.222415,1.093460,0.009883,-0.345056,-0.196443,-0.079573,-0.163258,-0.174801,0.083469,-0.308985,-0.242614,0.281138,0.751506,-0.336399,-0.238286,-0.226743,0.335967
6,0.275367,-0.007431,-0.192115,-0.007431,0.009883,1.234859,-0.216643,-0.212315,0.568265,-0.092559,0.155611,0.298453,-0.382570,-0.171915,-0.254157,-0.187786,-0.352271,-0.138730,-0.156044,-0.170472
7,-0.425856,-0.304657,0.174368,0.330195,-0.345056,-0.216643,0.582693,0.067597,-0.392670,-0.043502,-0.285900,-0.316200,0.272481,0.338852,0.054612,-0.167586,0.273924,0.141182,0.354724,-0.092559
8,-0.219529,0.247953,0.005555,-0.040616,-0.196443,-0.212315,0.067597,0.649064,-0.099773,0.018541,-0.166144,-0.196443,0.017098,0.285467,-0.056487,-0.249829,0.220539,-0.056487,0.012769,-0.030516
9,0.272481,0.422537,-0.339285,-0.212315,-0.079573,0.568265,-0.392670,-0.099773,1.171374,0.164268,0.325867,0.699564,-0.500884,-0.319085,-0.314757,-0.219529,-0.528298,-0.055045,-0.332071,-0.231072
10,0.015655,0.338852,-0.249829,0.338852,-0.163258,-0.092559,-0.043502,0.018541,0.164268,0.744292,-0.104101,0.125311,-0.180572,-0.171915,-0.311871,-0.245500,-0.092559,-0.225300,0.247953,-0.112758
11,0.004112,-0.018973,0.373481,-0.336399,-0.174801,0.155611,-0.285900,-0.166144,0.325867,-0.104101,0.865491,0.027198,0.125311,-0.241172,-0.150272,-0.228186,-0.132958,0.311438,-0.283014,-0.066587
12,0.695235,0.239296,-0.349385,-0.078130,0.083469,0.298453,-0.316200,-0.196443,0.699564,0.125311,0.027198,1.324316,-0.568697,-0.358042,-0.267143,-0.085344,-0.567255,-0.267143,-0.313314,-0.125744
13,-0.534069,-0.297443,0.441294,-0.095444,-0.308985,-0.382570,0.272481,0.017098,-0.500884,-0.180572,0.125311,-0.568697,0.943404,0.115211,0.119540,-0.218086,0.598564,0.263824,0.044512,0.145511
14,-0.323414,-0.288785,0.103668,0.115211,-0.242614,-0.171915,0.338852,0.285467,-0.319085,-0.171915,-0.241172,-0.358042,0.115211,0.845291,0.128197,-0.036288,0.116654,0.128197,0.110883,-0.134401
15,-0.088230,-0.226743,-0.094001,-0.169029,0.281138,-0.254157,0.054612,-0.056487,-0.314757,-0.311871,-0.150272,-0.267143,0.119540,0.128197,0.680807,0.487465,0.092126,0.045955,-0.057930,0.100783
16,0.208996,-0.160372,-0.200772,-0.131515,0.751506,-0.187786,-0.167586,-0.249829,-0.219529,-0.245500,-0.228186,-0.085344,-0.218086,-0.036288,0.487465,1.159831,-0.303214,-0.118530,-0.164701,0.109440
17,-0.503769,-0.122858,0.183025,-0.065144,-0.336399,-0.352271,0.273924,0.220539,-0.528298,-0.092559,-0.132958,-0.567255,0.598564,0.116654,0.092126,-0.303214,0.975147,0.120983,0.219096,0.204668
18,-0.405656,-0.255600,0.309995,-0.226743,-0.238286,-0.138730,0.141182,-0.056487,-0.055045,-0.225300,0.311438,-0.267143,0.263824,0.128197,0.045955,-0.118530,0.120983,0.767377,-0.029073,-0.072359
19,-0.422970,-0.157487,-0.024745,0.304224,-0.226743,-0.156044,0.354724,0.012769,-0.332071,0.247953,-0.283014,-0.313314,0.044512,0.110883,-0.057930,-0.164701,0.219096,-0.029073,0.877034,-0.003102
20,-0.091116,-0.143058,-0.096887,-0.143058,0.335967,-0.170472,-0.092559,-0.030516,-0.231072,-0.112758,-0.066587,-0.125744,0.145511,-0.134401,0.100783,0.109440,0.204668,-0.072359,-0.003102,0.617321
