ID,Rad,Ruta,Planta,Trial,Mum,Dad,Famly,Hjd_17,Hjd_7,Sprant_17,Htv_17,Vit_7,Lev_7,Lev_17,Trial_Famly,Trial_Ruta
1,1,1,1,1,0,0,1,152.2,59.1,2,154.1,2,0,1,T1_F1,T1_R1
2,2,2,1,2,0,0,2,151.2,59.3,6,147.1,6,1,0,T2_F2,T2_R2
3,3,3,1,1,0,0,3,136.6,52.5,6,143.6,6,0,1,T1_F3,T1_R3
4,4,4,1,2,0,0,4,147.1,62.5,6,150.1,9,1,1,T2_F4,T2_R4
5,5,1,2,1,0,0,5,148.0,57.9,6,146.9,3,0,0,T1_F5,T1_R1
6,6,2,2,2,0,0,6,136.3,54.4,7,132.8,6,1,1,T2_F6,T2_R2
7,7,3,2,1,4,3,403,162.4,64.5,7,160.9,8,1,1,T1_F403,T1_R3
8,8,4,2,2,7,2,702,143.2,56.8,6,139.4,5,0,0,T2_F702,T2_R4
9,9,1,3,1,6,2,602,143.7,58.8,6,145.6,6,0,0,T1_F602,T1_R1
10,10,2,3,2,4,2,402,146.7,59.3,1,139.9,9,1,0,T2_F402,T2_R2
11,11,3,3,1,9,3,903,144.5,57.4,8,145.2,3,0,1,T1_F903,T1_R3
12,12,4,3,2,1,9,109,152.4,61.1,5,158.0,4,1,1,T2_F109,T2_R4
13,13,1,4,1,7,3,703,161.4,67.2,2,163.3,3,0,1,T1_F703,T1_R1
14,14,2,4,2,7,8,708,162.6,63.5,1,167.3,3,0,1,T2_F708,T2_R2
15,15,3,4,1,5,7,507,143.7,54.7,4,144.3,1,1,0,T1_F507,T1_R3
16,16,4,4,2,15,5,1505,150.3,58.8,1,149.8,7,0,1,T2_F1505,T2_R4
17,17,1,5,1,13,8,1308,161.9,65.9,7,160.9,4,0,0,T1_F1308,T1_R1
18,18,2,5,2,11,7,1107,163.5,67.2,2,161.7,3,0,1,T2_F1107,T2_R2
19,19,3,5,1,10,7,1007,150.5,58.5,7,156.1,5,1,1,T1_F1007,T1_R3
20,20,4,5,2,5,17,517,155.2,62.6,1,153.0,1,0,1,T2_F517,T2_R4
